LABEL_in1=VCC3
GAIN_in1=2.470588
WARNLO_in1=3135
WARNHI_in1=3465
CRITLO_in1=2970
CRITHI_in1=3630

LABEL_in2=VCC
GAIN_in2=3.6470588
WARNLO_in2=4750
WARNHI_in2=5250
CRITLO_in2=4500
CRITHI_in2=5500

LABEL_in3=12V1
GAIN_in3=9.235294
WARNLO_in3=11400
WARNHI_in3=12600
CRITLO_in3=10800
CRITHI_in3=13200

LABEL_in4=3V_DUAL
GAIN_in4=2.470588
WARNLO_in4=3135
WARNHI_in4=3465
CRITLO_in4=2970
CRITHI_in4=3630

LABEL_in5=5VSB
GAIN_in5=3.6470588
WARNLO_in5=4750
WARNHI_in5=5250
CRITLO_in5=4500
CRITHI_in5=5500
